0 0.095267 0.093851 0.040049 0.061489
0 0.251820 0.094660 0.037621 0.063107
0 0.309466 0.095289 0.040453 0.062927
0 0.368797 0.094840 0.043150 0.063826
0 0.425094 0.094840 0.038430 0.063826
0 0.480043 0.094840 0.039105 0.063826
0 0.529261 0.094391 0.039105 0.064725
0 0.583536 0.094840 0.042476 0.063826
0 0.641855 0.095739 0.040453 0.062028
0 0.694782 0.095739 0.042476 0.062028
0 0.751079 0.096188 0.044498 0.062927
0 0.802656 0.096188 0.042476 0.061129
0 0.857942 0.095289 0.039779 0.062927
0 0.974919 0.096188 0.037756 0.062927
0 0.973571 0.194624 0.049892 0.085401
0 0.755461 0.193725 0.058657 0.085401
0 0.683320 0.192826 0.055960 0.085401
0 0.543420 0.191927 0.060680 0.083603
0 0.254854 0.188781 0.055286 0.091694
0 0.319579 0.188781 0.055286 0.091694
0 0.384304 0.188332 0.053937 0.090795
0 0.459817 0.188332 0.064725 0.090795